<?xml version="1.0" encoding="UTF-8" standalone="no" ?>
<SimscapeMultibodyImportXML version="2.0" xmlns="urn:mathworks:SimscapeMultibody:import" xmlns:xsi="http://www.w3.org/2001/XMLSchema-instance">
<Created by="" on="04/20/23||14:23:59" using="Simscape Multibody Link Version 7.4" from="SolidWorks 29.3.0"/>
<ModelUnits mass="kilogram" length="millimeter"/>
<DataUnits mass="kilogram" length="meter"/>
<RootAssembly name="full_ass_V7_Ball_and_Beam" uid="full_ass_V7_Ball_and_Beam" version="1415">
<AssemblyFile name="full_ass_V7_Ball_and_Beam.SLDASM" type="SolidWorks Assembly"/>
<InstanceTree>
<Instance name="RA63516330-2" uid="RA63516330-2" entityUid="RA63516330*:*Default">
<Transform>
<Rotation>2.0094401659613299e-16 -0.83716910433122238 -0.54694413860398872 1 1.6822412239450223e-16 1.0990515206479855e-16 0 -0.54694413860398872 0.83716910433122238</Rotation>
<Translation>-0.034999999999999407 -0.22300000000000914 -0.30499999999999211</Translation>
</Transform>
</Instance>
<Instance name="99_1492_914_12-1" uid="99_1492_914_12-1" entityUid="99_1492_914_12*:*Default">
<Transform>
<Rotation>0.99638802535878046 0.037146889224090041 0.076361060381607962 0.002988860429375996 0.88334446627938434 -0.46871486066362683 -0.0848644191340759 0.46725010702466679 0.88004282160044534</Rotation>
<Translation>0.38535514371080376 -0.2947333060961374 -0.34646072712409698</Translation>
</Transform>
</Instance>
<Instance name="cable^full_ass_V7_Ball_and_Beam-1" uid="cable^full_ass_V7_Ball_and_Beam-1" entityUid="cable^full_ass_V7_Ball_and_Beam*:*Default">
<Transform>
<Rotation>0.99642136276431537 0.084514285286585458 0.0013429107945849559 0.0029812799886665339 -0.019262487995468515 -0.99981001621600774 -0.084472361139805635 0.99623606245644514 -0.019445515286157355</Rotation>
<Translation>-0.036092750980283236 -0.24629649052960834 -0.30498999703638241</Translation>
</Transform>
</Instance>
<Instance name="BallAndBeamFull-1" uid="BallAndBeamFull-1" entityUid="BallAndBeamFull*:*Default">
<Transform>
<Rotation>1 0 0 0 1 0 0 0 1</Rotation>
<Translation>0 0 0</Translation>
</Transform>
</Instance>
<Instance name="Weigth 10g-4" uid="Weigth 10g-4" entityUid="Weigth 10g*:*Default">
<Transform>
<Rotation>-0.99642617422782687 1.8263446397707953e-16 -0.084468214813010645 -1.9235278086394636e-16 1 4.4312489555704764e-15 0.084468214813010645 4.4316599209978664e-15 -0.99642617422782687</Rotation>
<Translation>-0.40426272055632545 -0.2879500000000012 -0.26762546712881108</Translation>
</Transform>
</Instance>
<Instance name="socket set screw flat point_din-2" uid="socket set screw flat point_din-2" entityUid="socket set screw flat point_din*:*DIN 913 - M5 x 16-N">
<Transform>
<Rotation>0.64485165725926363 0.76430775223726577 -1.3014519387212943e-15 -1.295783081334373e-16 -1.5934591117407934e-15 -1 -0.76430775223726577 0.64485165725926363 -9.2850704355274919e-16</Rotation>
<Translation>-0.048219458973814647 -0.24100000000000676 -0.28933169107913032</Translation>
</Transform>
</Instance>
<Instance name="weigth 5g-2" uid="weigth 5g-2" entityUid="weigth 5g*:*Default">
<Transform>
<Rotation>3.9980065782623751e-16 0.99642617422782687 -0.084468214813010645 1 0 4.4296378496449088e-15 4.411633603791572e-15 -0.084468214813010645 -0.99642617422782687</Rotation>
<Translation>-0.40714248916031781 -0.30555000000000121 -0.27791900552857768</Translation>
</Transform>
</Instance>
<Instance name="weigth 5g-3" uid="weigth 5g-3" entityUid="weigth 5g*:*Default">
<Transform>
<Rotation>-3.7225558847129649e-16 -0.99642617422782687 -0.084468214813010645 -1 0 4.4310619185564614e-15 -4.4153978081489816e-15 0.084468214813010645 -0.99642617422782687</Rotation>
<Translation>-0.40625557290478115 -0.30555000000000127 -0.26745653069918557</Translation>
</Transform>
</Instance>
<Instance name="alu side plate V2-1" uid="alu side plate V2-1" entityUid="alu side plate V2*:*Default">
<Transform>
<Rotation>0.99642617422782676 0.084468214813009729 -2.0094376068482754e-16 -2.0022571127176372e-16 0 -0.99999999999999989 -0.084468214813009729 0.99642617422782676 0</Rotation>
<Translation>-0.032050340062672565 -0.26845000000000924 -0.26902056828888637</Translation>
</Transform>
</Instance>
<Instance name="Weigth 10g-6" uid="Weigth 10g-6" entityUid="Weigth 10g*:*Default">
<Transform>
<Rotation>0.99642617422782687 -1.8878129423333976e-16 -0.084468214813010645 1.8623852230503506e-16 -1 4.4318932570072334e-15 -0.084468214813010645 -4.4317854593081692e-15 -0.99642617422782687</Rotation>
<Translation>-0.4036714430526343 -0.28795000000000137 -0.26065048390921614</Translation>
</Transform>
</Instance>
<Instance name="side plate sensor mount-1" uid="side plate sensor mount-1" entityUid="side plate sensor mount*:*Default">
<Transform>
<Rotation>-0.99642617422782664 0.084468214813010783 -8.3810417961561203e-16 0 1.0225632011164315e-14 0.99999999999999989 0.084468214813010783 0.99642617422782664 -1.0191260837022917e-14</Rotation>
<Translation>0.33795833668747166 -0.30895000000000788 -0.34376667022476248</Translation>
</Transform>
</Instance>
<Instance name="Weigth 10g-5" uid="Weigth 10g-5" entityUid="Weigth 10g*:*Default">
<Transform>
<Rotation>-0.99642617422782687 -5.5040339048193249e-16 0.084468214813010645 1.7669852310211851e-16 -1 -4.4316816343033845e-15 0.084468214813010645 -4.4009179485919426e-15 0.99642617422782687</Rotation>
<Translation>-0.40396708180447993 -0.2879500000000012 -0.26413797551901363</Translation>
</Transform>
</Instance>
<Instance name="socket set screw flat point_din-1" uid="socket set screw flat point_din-1" entityUid="socket set screw flat point_din*:*DIN 913 - M5 x 16-N">
<Transform>
<Rotation>-0.76430775223726544 0.6341312198378426 -0.11709507204399665 1.5358360828288734e-16 -0.18158450974860132 -0.98337534330455956 -0.64485165725926386 -0.75160139824665706 0.13878644848705921</Rotation>
<Translation>-0.019331691079135769 -0.24100000000000676 -0.2917805410261794</Translation>
</Transform>
</Instance>
<Instance name="weigth 5g-5" uid="weigth 5g-5" entityUid="weigth 5g*:*Default">
<Transform>
<Rotation>0 -0.99642617422782687 -0.084468214813010645 -1 -3.4070394052360182e-16 4.4301877961606652e-15 -4.4431335116087945e-15 0.084468214813010645 -0.99642617422782687</Rotation>
<Translation>-0.40684685040847213 -0.30555000000000138 -0.27443151391878029</Translation>
</Transform>
</Instance>
<Instance name="weigth 5g-4" uid="weigth 5g-4" entityUid="weigth 5g*:*Default">
<Transform>
<Rotation>3.9987505271631725e-16 -0.99642617422782687 0.084468214813010645 1 0 -4.4306248573585648e-15 4.4126178450082987e-15 0.084468214813010645 0.99642617422782687</Rotation>
<Translation>-0.40655121165662667 -0.30555000000000115 -0.27094402230898296</Translation>
</Transform>
</Instance>
<Instance name="weigth 5g-6" uid="weigth 5g-6" entityUid="weigth 5g*:*Default">
<Transform>
<Rotation>4.2652140219057372e-16 -0.99642617422782687 0.084468214813010645 1 0 -4.4157711407014332e-15 4.3954520110800994e-15 0.084468214813010645 0.99642617422782687</Rotation>
<Translation>-0.40595993415293602 -0.30555000000000115 -0.26396903908938751</Translation>
</Transform>
</Instance>
<Instance name="weigth 5g-7" uid="weigth 5g-7" entityUid="weigth 5g*:*Default">
<Transform>
<Rotation>-4.0936429999193215e-16 -0.99642617422782687 -0.084468214813010645 -1 0 4.5428596844552883e-15 -4.5244508038381746e-15 0.084468214813010645 -0.99642617422782687</Rotation>
<Translation>-0.40536865664924498 -0.30555000000000115 -0.25699405586979257</Translation>
</Transform>
</Instance>
<Instance name="weigth 5g-8" uid="weigth 5g-8" entityUid="weigth 5g*:*Default">
<Transform>
<Rotation>4.2652140219057372e-16 -0.99642617422782687 0.084468214813010645 1 0 -4.4157711407014332e-15 4.3954520110800994e-15 0.084468214813010645 0.99642617422782687</Rotation>
<Translation>-0.4056642954010905 -0.30555000000000115 -0.26048154747959007</Translation>
</Transform>
</Instance>
<Instance name="710mm-2" uid="710mm-2" entityUid="710mm*:*Default">
<Transform>
<Rotation>0.084468214813009368 0.99642617422782676 2.0094132469681107e-16 0 -2.0022571127176675e-16 1 0.99642617422782664 -0.084468214813009354 0</Rotation>
<Translation>-0.035369940904823843 -0.30495000000000921 -0.30818011693603986</Translation>
</Transform>
</Instance>
<Instance name="Cover V3-1" uid="Cover V3-1" entityUid="Cover V3*:*Default">
<Transform>
<Rotation>3.9319845860406018e-16 -0.084468214813009479 -0.99642617422782687 1 4.3514759176634502e-15 0 4.3337510533705128e-15 -0.99642617422782687 0.084468214813009479</Rotation>
<Translation>-0.40092988862234158 -0.29500000000000143 -0.23955667251094764</Translation>
</Transform>
</Instance>
<Instance name="Cabel holder-2" uid="Cabel holder-2" entityUid="Cabel holder*:*Default">
<Transform>
<Rotation>0 0.99642617422782653 -0.084468214813010839 1 -2.0022571127176623e-16 -1.8502437480782165e-15 -1.8605440076773234e-15 -0.084468214813010839 -0.99642617422782653</Rotation>
<Translation>0.21031904580028266 -0.29495000000000349 -0.31633777634727855</Translation>
</Transform>
</Instance>
<Instance name="Cabel holder-4" uid="Cabel holder-4" entityUid="Cabel holder*:*Default">
<Transform>
<Rotation>4.3101734527474841e-16 0.99642617422782653 -0.084468214813010839 1 -2.0022571127176554e-16 2.740761200206139e-15 2.7140534888026781e-15 -0.084468214813010839 -0.99642617422782653</Rotation>
<Translation>0.28305815651891364 -0.29495000000000182 -0.3225039560286298</Translation>
</Transform>
</Instance>
<Instance name="square nut grade c_din-4" uid="square nut grade c_din-4" entityUid="square nut grade c_din*:*Square nut DIN 557 M5 -N">
<Transform>
<Rotation>0.059728047489001151 0.059728047489000763 -0.99642617422782664 -0.70710678118654702 0.70710678118654802 -2.050551659204788e-16 0.70457970474826515 0.70457970474826404 0.084468214813009451</Rotation>
<Translation>-0.025135380875143942 -0.25786250000000921 -0.30583623532664095</Translation>
</Transform>
</Instance>
<Instance name="socket head cap screw_din-1" uid="socket head cap screw_din-1" entityUid="socket head cap screw_din*:*DIN 912 M5 x 50 --- 50N">
<Transform>
<Rotation>-0.08446821481300848 0.99642617422782687 -3.9807197618387163e-16 -1.9925102237244947e-16 -4.1639063039659709e-16 -0.99999999999999989 -0.99642617422782687 -0.08446821481300848 2.3371130441722666e-16</Rotation>
<Translation>-0.030859338233809101 -0.25792500000000923 -0.25497095923227375</Translation>
</Transform>
</Instance>
<Instance name="base for Beam V3.2 (Print)-1" uid="base for Beam V3.2 (Print)-1" entityUid="base for Beam V3.2 (Print)*:*Default">
<Transform>
<Rotation>0.99642617422782676 0.084468214813009729 -2.0094376068482736e-16 -2.0022571127176352e-16 0 -0.99999999999999989 -0.084468214813009729 0.99642617422782676 0</Rotation>
<Translation>-0.034229620004848207 -0.26595000000000923 -0.2947283635839642</Translation>
</Transform>
</Instance>
<Instance name="710mm-1" uid="710mm-1" entityUid="710mm*:*Default">
<Transform>
<Rotation>0.084468214813009368 0.99642617422782676 2.0094132469681107e-16 0 -2.0022571127176675e-16 1 0.99642617422782664 -0.084468214813009354 0</Rotation>
<Translation>-0.035369940904823843 -0.28495000000000925 -0.30818011693603986</Translation>
</Transform>
</Instance>
<Instance name="Base on axle V3.1-2" uid="Base on axle V3.1-2" entityUid="Base on axle V3.1*:*Default">
<Transform>
<Rotation>0.99642617422782687 -2.0094396389717928e-16 -0.084468214813009812 -2.0022571127176271e-16 -1 0 -0.084468214813009812 0 -0.99642617422782687</Rotation>
<Translation>-0.034999999999999414 -0.24500000000000915 -0.30499999999999211</Translation>
</Transform>
</Instance>
<Instance name="End bracket V3-1" uid="End bracket V3-1" entityUid="End bracket V3*:*Default">
<Transform>
<Rotation>-3.047874901257876e-16 0.084468214813009257 -0.99642617422782687 -1 -3.3047993251969156e-15 0 -3.2908143312484327e-15 0.99642617422782698 0.084468214813009007</Rotation>
<Translation>-0.37802837597384098 -0.29495000000000166 -0.26596108241308436</Translation>
</Transform>
</Instance>
<Instance name="Cabel holder-1" uid="Cabel holder-1" entityUid="Cabel holder*:*Default">
<Transform>
<Rotation>1.6399071933507944e-16 0.99642617422782664 -0.084468214813009757 1 -2.0022571127176256e-16 -4.2050634322175455e-16 -4.3591623520577726e-16 -0.084468214813009757 -0.99642617422782664</Rotation>
<Translation>0.064840824363019217 -0.2949500000000001 -0.30400541698458389</Translation>
</Transform>
</Instance>
<Instance name="Cabel holder-3" uid="Cabel holder-3" entityUid="Cabel holder*:*Default">
<Transform>
<Rotation>2.8540487371765002e-16 0.99642617422782653 -0.084468214813010839 1 -2.0022571127176564e-16 1.0168882394783197e-15 9.963413496898608e-16 -0.084468214813010839 -0.99642617422782653</Rotation>
<Translation>0.13757993508165103 -0.29495000000000182 -0.31017159666593042</Translation>
</Transform>
</Instance>
<Instance name="square nut grade c_din-3" uid="square nut grade c_din-3" entityUid="square nut grade c_din*:*Square nut DIN 557 M5 -N">
<Transform>
<Rotation>0.70457970474826581 -0.70457970474826326 -0.084468214813009951 -0.70710678118654624 -0.70710678118654879 1.3079814460002237e-16 -0.059728047489001533 0.059728047489001138 -0.99642617422782676</Rotation>
<Translation>-0.035168936429625444 -0.25797500000000917 -0.3069928523484477</Translation>
</Transform>
</Instance>
<Instance name="socket head cap screw 4762_din-2" uid="socket head cap screw 4762_din-2" entityUid="socket head cap screw 4762_din*:*EN ISO 4762 M5 x 20 - 20N">
<Transform>
<Rotation>-0.99642617422782687 0.084468214813009784 9.292215536768547e-16 2.002257112717704e-16 -8.6388861772596614e-15 1 0.084468214813009812 0.99642617422782676 8.5910993759395393e-15</Rotation>
<Translation>-0.0006232969891393998 -0.25786250000000921 -0.30791415341104095</Translation>
</Transform>
</Instance>
<Instance name="circlip for shafts normal_din-1" uid="circlip for shafts normal_din-1" entityUid="circlip for shafts normal_din*:*Circlip DIN 471 - 5 x 0.6">
<Transform>
<Rotation>2.2419933804870097e-16 0.99642617422782664 -0.084468214813010006 1 -2.4189395137187014e-16 -1.992480428629986e-16 -2.1896831531880667e-16 -0.084468214813010006 -0.99642617422782664</Rotation>
<Translation>-0.03214325509896683 -0.25792500000000923 -0.2701166370805369</Translation>
</Transform>
</Instance>
<Instance name="Balluff sensor holder-1" uid="Balluff sensor holder-1" entityUid="Balluff sensor holder*:*Default">
<Transform>
<Rotation>-8.5613857723866577e-16 0.084468214813009257 0.99642617422782687 1 1.0439136704451279e-14 0 -1.0404003225653098e-14 0.99642617422782698 -0.084468214813009007</Rotation>
<Translation>0.30868211914893295 -0.29495000000000782 -0.33395930583277644</Translation>
</Transform>
</Instance>
<Instance name="BALLUFF BOD 23K-LA01-S92(ROT=0)1-1" uid="BALLUFF BOD 23K-LA01-S92(ROT=0)1-1" entityUid="BALLUFF BOD 23K-LA01-S92(ROT=0)1*:*Default">
<Transform>
<Rotation>-0.084468214813008008 0 0.99642617422782698 0 1 0 -0.99642617422782698 0 -0.084468214813008008</Rotation>
<Translation>0.36579478667166876 -0.29480000000000472 -0.30189331739414837</Translation>
</Transform>
</Instance>
<Instance name="plain washer 6902 type abc_din-1" uid="plain washer 6902 type abc_din-1" entityUid="plain washer 6902 type abc_din*:*DIN 6902-A5.5">
<Transform>
<Rotation>0.08446821481300848 -0.99642617422782687 0 1.9925102237244947e-16 0 -0.99999999999999989 0.99642617422782687 0.08446821481300848 1.9719317476988116e-16</Rotation>
<Translation>-0.031416828451574959 -0.25792500000000923 -0.26154737198217748</Translation>
</Transform>
</Instance>
<Instance name="Connector for BOD 23K-LA01-S920-1" uid="Connector for BOD 23K-LA01-S920-1" entityUid="Connector for BOD 23K-LA01-S920*:*Default">
<Transform>
<Rotation>0.99638802535878068 -0.08485551803131211 -0.0032317149113216229 0.0029888604293760003 -0.0029888604293760528 0.99999106667343152 -0.084864419134075858 -0.99638878344397841 -0.002724443441241012</Rotation>
<Translation>0.36104327589204949 -0.2948062342906142 -0.34439003529722545</Translation>
</Transform>
</Instance>
<Instance name="plain washer 6902 type abc_din-2" uid="plain washer 6902 type abc_din-2" entityUid="plain washer 6902 type abc_din*:*DIN 6902-A5.5">
<Transform>
<Rotation>-0.99642617422782687 0.084468214813009784 9.292215536768547e-16 2.002257112717704e-16 -8.6388861772596614e-15 1 0.084468214813009812 0.99642617422782676 8.5910993759395393e-15</Rotation>
<Translation>-0.0056054278602785347 -0.25786250000000921 -0.30749181233697587</Translation>
</Transform>
</Instance>
<Instance name="Weigth 10g-3" uid="Weigth 10g-3" entityUid="Weigth 10g*:*Default">
<Transform>
<Rotation>-0.99642617422782687 -5.5040057448746398e-16 0.084468214813010645 1.7676423601824116e-16 -1 -4.4308731163984015e-15 0.084468214813010645 -4.4001067695363709e-15 0.99642617422782687</Rotation>
<Translation>-0.40455835930817097 -0.28795000000000126 -0.27111295873860858</Translation>
</Transform>
</Instance>
<Instance name="socket head cap screw 4762_din-5" uid="socket head cap screw 4762_din-5" entityUid="socket head cap screw 4762_din*:*EN ISO 4762 M5 x 25 - 22N">
<Transform>
<Rotation>0.084468214813009368 -0.99642617422782698 1.9808353620845516e-15 1.0439136421090028e-14 -1.1030020816718495e-15 -1 0.99642617422782698 0.084468214813009368 1.0308660149535242e-14</Rotation>
<Translation>0.3402048747937223 -0.29495000000000832 -0.38001096207240576</Translation>
</Transform>
</Instance>
<Instance name="plain washer 6902 type abc_din-5" uid="plain washer 6902 type abc_din-5" entityUid="plain washer 6902 type abc_din*:*DIN 6902-A4.55">
<Transform>
<Rotation>8.3869465552050914e-16 -0.30365440071029087 -0.95278224423489022 -1 9.4620158642206187e-15 -3.8958297499156519e-15 1.0198226558078216e-14 0.95278224423489022 -0.30365440071029087</Rotation>
<Translation>0.3676794002009377 -0.31045000000000755 -0.30807459815506338</Translation>
</Transform>
</Instance>
<Instance name="socket head cap screw 4762_din-3" uid="socket head cap screw 4762_din-3" entityUid="socket head cap screw 4762_din*:*EN ISO 4762 M4 x 40 - 20N">
<Transform>
<Rotation>-8.3869465552050914e-16 -0.084468214812995768 -0.99642617422782809 1 -1.0232622913499522e-14 0 -1.0198226558078216e-14 -0.99642617422782809 0.084468214812995768</Rotation>
<Translation>0.36767940020093776 -0.3154500000000075 -0.30807459815506333</Translation>
</Transform>
</Instance>
<Instance name="socket head cap screw 4762_din-4" uid="socket head cap screw 4762_din-4" entityUid="socket head cap screw 4762_din*:*EN ISO 4762 M4 x 40 - 20N">
<Transform>
<Rotation>-8.3869465600601753e-16 -0.084468214812995879 -0.99642617422782787 1 -1.0232622925497601e-14 0 -1.0198226570078169e-14 -0.99642617422782787 0.084468214812995879</Rotation>
<Translation>0.36531429018617351 -0.31545000000000778 -0.33597453103344244</Translation>
</Transform>
</Instance>
<Instance name="plain washer 6902 type abc_din-6" uid="plain washer 6902 type abc_din-6" entityUid="plain washer 6902 type abc_din*:*DIN 6902-A4.55">
<Transform>
<Rotation>8.386946612961722e-16 0.08446821481299352 -0.99642617422782809 -1 1.0232622915698424e-14 0 1.0198226559795392e-14 0.99642617422782809 0.08446821481299352</Rotation>
<Translation>0.3676794002009377 -0.27845000000000752 -0.30807459815506366</Translation>
</Transform>
</Instance>
<Instance name="plain washer 6902 type abc_din-4" uid="plain washer 6902 type abc_din-4" entityUid="plain washer 6902 type abc_din*:*DIN 6902-A4.55">
<Transform>
<Rotation>8.3869465600185066e-16 0.084468214812993603 -0.99642617422782831 -1 1.0232622921038577e-14 0 1.0198226565603505e-14 0.99642617422782831 0.084468214812993603</Rotation>
<Translation>0.36531429018617351 -0.31045000000000778 -0.33597453103344255</Translation>
</Transform>
</Instance>
<Instance name="hex nut style 1 gradeab_din-1" uid="hex nut style 1 gradeab_din-1" entityUid="hex nut style 1 gradeab_din*:*Hexagon Nut ISO 4032 - M4 - W - N">
<Transform>
<Rotation>-0.9964261742278282 0.084468214812994019 -8.7363798360219508e-16 0 1.0118620400043126e-14 1 0.084468214812994019 0.9964261742278282 -1.0080852971329839e-14</Rotation>
<Translation>0.36531429018617351 -0.27525000000000777 -0.33597453103344288</Translation>
</Transform>
</Instance>
<Instance name="hex nut style 1 gradeab_din-2" uid="hex nut style 1 gradeab_din-2" entityUid="hex nut style 1 gradeab_din*:*Hexagon Nut ISO 4032 - M4 - W - N">
<Transform>
<Rotation>-0.99642617422782798 0.084468214812994297 -3.642757135450461e-16 3.5963331524487123e-16 8.5549785037980658e-15 1 0.084468214812994297 0.99642617422782798 -8.5547820852668276e-15</Rotation>
<Translation>0.36767940020093753 -0.27525000000000721 -0.30807459815506411</Translation>
</Transform>
</Instance>
<Instance name="Weigth 10g-1" uid="Weigth 10g-1" entityUid="Weigth 10g*:*Default">
<Transform>
<Rotation>0.99642617422782687 -2.6945515864006122e-16 -0.084468214813010645 1.0508562674389041e-16 -1 4.4296556716007134e-15 -0.084468214813010645 -4.422701030427085e-15 -0.99642617422782687</Rotation>
<Translation>-0.405149636811862 -0.28795000000000132 -0.27808794195820358</Translation>
</Transform>
</Instance>
<Instance name="plain washer 6902 type abc_din-3" uid="plain washer 6902 type abc_din-3" entityUid="plain washer 6902 type abc_din*:*DIN 6902-A4.55">
<Transform>
<Rotation>8.7363798360220139e-16 0.084468214812993075 -0.99642617422782831 -1 1.0118620400043164e-14 0 1.008085297132988e-14 0.99642617422782831 0.084468214812993075</Rotation>
<Translation>0.36531429018617351 -0.27845000000000775 -0.33597453103344282</Translation>
</Transform>
</Instance>
<Instance name="Weigth 10g-2" uid="Weigth 10g-2" entityUid="Weigth 10g*:*Default">
<Transform>
<Rotation>-0.99642617422782687 1.8255688634776079e-16 -0.084468214813010645 -1.923527667600325e-16 1 4.4303303652699761e-15 0.084468214813010645 4.4307446123877264e-15 -0.99642617422782687</Rotation>
<Translation>-0.4048539980600166 -0.28795000000000132 -0.27460045034840608</Translation>
</Transform>
</Instance>
</InstanceTree>
<Constraints>
<Coincident name="Coincident4">
<ConstraintGeometry geomType="plane">
<InstancePath>
<Uid>base for Beam V3.2 (Print)-1</Uid>
</InstancePath>
<Position>0 0 -0.0040000000000000036</Position>
<Axis>0 0 -0.99999999999999989</Axis>
</ConstraintGeometry>
<ConstraintGeometry geomType="plane">
<InstancePath>
<Uid>Base on axle V3.1-2</Uid>
</InstancePath>
<Position>0 0.016950000000000021 0</Position>
<Axis>0 1 0</Axis>
</ConstraintGeometry>
</Coincident>
<Coincident name="Coincident5">
<ConstraintGeometry geomType="plane">
<InstancePath>
<Uid>base for Beam V3.2 (Print)-1</Uid>
</InstancePath>
<Position>0.020000000000000004 0 0</Position>
<Axis>-1.0000000000000002 0 0</Axis>
</ConstraintGeometry>
<ConstraintGeometry geomType="plane">
<InstancePath>
<Uid>Base on axle V3.1-2</Uid>
</InstancePath>
<Position>0.019900000000000008 0.016950000000000021 0.015000000000000013</Position>
<Axis>1.0000000000000002 0 0</Axis>
</ConstraintGeometry>
</Coincident>
<Concentric name="Concentric1">
<ConstraintGeometry geomType="cylinder">
<InstancePath>
<Uid>base for Beam V3.2 (Print)-1</Uid>
</InstancePath>
<Position>0.027999999999999997 -0.013499999999999956 0.038999999999999979</Position>
<Axis>-1.0000000000000002 0 0</Axis>
</ConstraintGeometry>
<ConstraintGeometry geomType="cylinder">
<InstancePath>
<Uid>710mm-2</Uid>
</InstancePath>
<Position>0 -0.35499999999999998 0</Position>
<Axis>0 1 0</Axis>
</ConstraintGeometry>
</Concentric>
<Coincident name="Coincident7">
<ConstraintGeometry geomType="point">
<InstancePath>
<Uid>base for Beam V3.2 (Print)-1</Uid>
</InstancePath>
<Position>0 -0.013499999999999956 0.038999999999999979</Position>
</ConstraintGeometry>
<ConstraintGeometry geomType="point">
<InstancePath>
<Uid>710mm-2</Uid>
</InstancePath>
<Position>0 0 0</Position>
</ConstraintGeometry>
</Coincident>
<Concentric name="Concentric2">
<ConstraintGeometry geomType="cylinder">
<InstancePath>
<Uid>base for Beam V3.2 (Print)-1</Uid>
</InstancePath>
<Position>0.027999999999999997 -0.013499999999999956 0.019000000000000017</Position>
<Axis>-1.0000000000000002 0 0</Axis>
</ConstraintGeometry>
<ConstraintGeometry geomType="cylinder">
<InstancePath>
<Uid>710mm-1</Uid>
</InstancePath>
<Position>0 -0.35499999999999998 0</Position>
<Axis>0 1 0</Axis>
</ConstraintGeometry>
</Concentric>
<Coincident name="Coincident8">
<ConstraintGeometry geomType="point">
<InstancePath>
<Uid>base for Beam V3.2 (Print)-1</Uid>
</InstancePath>
<Position>0 -0.013499999999999956 0.019000000000000017</Position>
</ConstraintGeometry>
<ConstraintGeometry geomType="point">
<InstancePath>
<Uid>710mm-1</Uid>
</InstancePath>
<Position>0 0 0</Position>
</ConstraintGeometry>
</Coincident>
<Concentric name="Concentric3">
<ConstraintGeometry geomType="cylinder">
<InstancePath>
<Uid>710mm-1</Uid>
</InstancePath>
<Position>0 -0.35499999999999998 0</Position>
<Axis>0 1 0</Axis>
</ConstraintGeometry>
<ConstraintGeometry geomType="cylinder">
<InstancePath>
<Uid>End bracket V3-1</Uid>
</InstancePath>
<Position>-0.010000000000000064 -0.013124404748406759 0.010000000000000064</Position>
<Axis>0 2.4980018054066022e-16 -1.0000000000000002</Axis>
</ConstraintGeometry>
</Concentric>
<Concentric name="Concentric4">
<ConstraintGeometry geomType="cylinder">
<InstancePath>
<Uid>710mm-2</Uid>
</InstancePath>
<Position>0 -0.35499999999999998 0</Position>
<Axis>0 1 0</Axis>
</ConstraintGeometry>
<ConstraintGeometry geomType="cylinder">
<InstancePath>
<Uid>End bracket V3-1</Uid>
</InstancePath>
<Position>0.0099999999999999534 -0.013124404748406704 0.010000000000000009</Position>
<Axis>0 2.4980018054066022e-16 -1.0000000000000002</Axis>
</ConstraintGeometry>
</Concentric>
<Coincident name="Coincident9">
<ConstraintGeometry geomType="plane">
<InstancePath>
<Uid>710mm-1</Uid>
</InstancePath>
<Position>0 -0.35499999999999998 0</Position>
<Axis>0 -1 0</Axis>
</ConstraintGeometry>
<ConstraintGeometry geomType="plane">
<InstancePath>
<Uid>End bracket V3-1</Uid>
</InstancePath>
<Position>0 0 0.010000000000000009</Position>
<Axis>0 2.4980018054066022e-16 -1.0000000000000002</Axis>
</ConstraintGeometry>
</Coincident>
<Distance name="Distance9">
<ConstraintGeometry geomType="plane">
<InstancePath>
<Uid>End bracket V3-1</Uid>
</InstancePath>
<Position>0.018999999999999961 0.018875595251593269 0.040000000000000036</Position>
<Axis>0 1.0000000000000002 -2.4980018054066022e-16</Axis>
</ConstraintGeometry>
<ConstraintGeometry geomType="plane">
<InstancePath>
<Uid>Cover V3-1</Uid>
</InstancePath>
<Position>0 0.0049999999999999489 0</Position>
<Axis>0 1.0000000000000002 0</Axis>
</ConstraintGeometry>
</Distance>
<Coincident name="Coincident11">
<ConstraintGeometry geomType="plane">
<InstancePath>
<Uid>End bracket V3-1</Uid>
</InstancePath>
<Position>0.016500000000000015 -0.016124404748406707 0.037500000000000033</Position>
<Axis>-2.1026992855951714e-16 2.4980018054066022e-16 -1.0000000000000002</Axis>
</ConstraintGeometry>
<ConstraintGeometry geomType="plane">
<InstancePath>
<Uid>Cover V3-1</Uid>
</InstancePath>
<Position>0.01645000000000002 0.0069999999999999507 0.012449999999999961</Position>
<Axis>1.054542046676314e-16 0 1.0000000000000002</Axis>
</ConstraintGeometry>
</Coincident>
<Coincident name="Coincident12">
<ConstraintGeometry geomType="plane">
<InstancePath>
<Uid>End bracket V3-1</Uid>
</InstancePath>
<Position>0.016500000000000015 -0.016124404748406707 0.037500000000000033</Position>
<Axis>-1 0 0</Axis>
</ConstraintGeometry>
<ConstraintGeometry geomType="plane">
<InstancePath>
<Uid>Cover V3-1</Uid>
</InstancePath>
<Position>-0.016449999999999965 0.0070000000000000062 0.012449999999999961</Position>
<Axis>-1 0 0</Axis>
</ConstraintGeometry>
</Coincident>
<Concentric name="Concentric5">
<ConstraintGeometry geomType="cylinder">
<InstancePath>
<Uid>710mm-1</Uid>
</InstancePath>
<Position>0 -0.35499999999999998 0</Position>
<Axis>0 1 0</Axis>
</ConstraintGeometry>
<ConstraintGeometry geomType="cylinder">
<InstancePath>
<Uid>Cabel holder-1</Uid>
</InstancePath>
<Position>0.010000000000000009 0.0015000000000000013 0.012624404748406703</Position>
<Axis>0 -1.0000000000000002 0</Axis>
</ConstraintGeometry>
</Concentric>
<Concentric name="Concentric6">
<ConstraintGeometry geomType="cylinder">
<InstancePath>
<Uid>710mm-1</Uid>
</InstancePath>
<Position>0 -0.35499999999999998 0</Position>
<Axis>0 1 0</Axis>
</ConstraintGeometry>
<ConstraintGeometry geomType="cylinder">
<InstancePath>
<Uid>Cabel holder-2</Uid>
</InstancePath>
<Position>0.010000000000000009 0.0015000000000000013 0.012624404748406703</Position>
<Axis>0 -1.0000000000000002 0</Axis>
</ConstraintGeometry>
</Concentric>
<Concentric name="Concentric7">
<ConstraintGeometry geomType="cylinder">
<InstancePath>
<Uid>710mm-1</Uid>
</InstancePath>
<Position>0 -0.35499999999999998 0</Position>
<Axis>0 1 0</Axis>
</ConstraintGeometry>
<ConstraintGeometry geomType="cylinder">
<InstancePath>
<Uid>Cabel holder-3</Uid>
</InstancePath>
<Position>0.010000000000000009 0.0015000000000000013 0.012624404748406648</Position>
<Axis>0 -1.0000000000000002 0</Axis>
</ConstraintGeometry>
</Concentric>
<Concentric name="Concentric8">
<ConstraintGeometry geomType="cylinder">
<InstancePath>
<Uid>710mm-2</Uid>
</InstancePath>
<Position>0 -0.35499999999999998 0</Position>
<Axis>0 1 0</Axis>
</ConstraintGeometry>
<ConstraintGeometry geomType="cylinder">
<InstancePath>
<Uid>Cabel holder-1</Uid>
</InstancePath>
<Position>-0.010000000000000009 0.0015000000000000013 0.012624404748406703</Position>
<Axis>0 -1.0000000000000002 0</Axis>
</ConstraintGeometry>
</Concentric>
<Distance name="Distance1">
<ConstraintGeometry geomType="plane">
<InstancePath>
<Uid>Cabel holder-1</Uid>
</InstancePath>
<Position>-0.010000000000000009 -0.0015000000000000013 0.012624404748406648</Position>
<Axis>0 -1.0000000000000002 0</Axis>
</ConstraintGeometry>
<ConstraintGeometry geomType="plane">
<InstancePath>
<Uid>base for Beam V3.2 (Print)-1</Uid>
</InstancePath>
<Position>0.028000000000000001 0 0</Position>
<Axis>1.0000000000000002 0 0</Axis>
</ConstraintGeometry>
</Distance>
<Concentric name="Concentric9">
<ConstraintGeometry geomType="cylinder">
<InstancePath>
<Uid>710mm-2</Uid>
</InstancePath>
<Position>0 -0.35499999999999998 0</Position>
<Axis>0 1 0</Axis>
</ConstraintGeometry>
<ConstraintGeometry geomType="cylinder">
<InstancePath>
<Uid>Cabel holder-3</Uid>
</InstancePath>
<Position>-0.010000000000000009 0.0015000000000000013 0.012624404748406703</Position>
<Axis>0 -1.0000000000000002 0</Axis>
</ConstraintGeometry>
</Concentric>
<Distance name="Distance2">
<ConstraintGeometry geomType="plane">
<InstancePath>
<Uid>Cabel holder-3</Uid>
</InstancePath>
<Position>-0.010000000000000009 -0.0015000000000000013 0.012624404748406703</Position>
<Axis>0 -1.0000000000000002 0</Axis>
</ConstraintGeometry>
<ConstraintGeometry geomType="plane">
<InstancePath>
<Uid>Cabel holder-1</Uid>
</InstancePath>
<Position>-0.010000000000000009 0.0015000000000000013 0.012624404748406703</Position>
<Axis>0 1.0000000000000002 0</Axis>
</ConstraintGeometry>
</Distance>
<Concentric name="Concentric10">
<ConstraintGeometry geomType="cylinder">
<InstancePath>
<Uid>710mm-2</Uid>
</InstancePath>
<Position>0 -0.35499999999999998 0</Position>
<Axis>0 1 0</Axis>
</ConstraintGeometry>
<ConstraintGeometry geomType="cylinder">
<InstancePath>
<Uid>Cabel holder-2</Uid>
</InstancePath>
<Position>-0.010000000000000009 0.0014999999999999736 0.012624404748406648</Position>
<Axis>0 -1.0000000000000002 0</Axis>
</ConstraintGeometry>
</Concentric>
<Distance name="Distance3">
<ConstraintGeometry geomType="plane">
<InstancePath>
<Uid>Cabel holder-2</Uid>
</InstancePath>
<Position>-0.010000000000000009 -0.0015000000000000013 0.012624404748406703</Position>
<Axis>0 -1.0000000000000002 0</Axis>
</ConstraintGeometry>
<ConstraintGeometry geomType="plane">
<InstancePath>
<Uid>Cabel holder-3</Uid>
</InstancePath>
<Position>-0.010000000000000009 0.0015000000000000013 0.012624404748406703</Position>
<Axis>0 1.0000000000000002 0</Axis>
</ConstraintGeometry>
</Distance>
<Concentric name="Concentric11">
<ConstraintGeometry geomType="cylinder">
<InstancePath>
<Uid>710mm-1</Uid>
</InstancePath>
<Position>0 -0.35499999999999998 0</Position>
<Axis>0 1 0</Axis>
</ConstraintGeometry>
<ConstraintGeometry geomType="cylinder">
<InstancePath>
<Uid>Cabel holder-4</Uid>
</InstancePath>
<Position>0.010000000000000064 0.0015000000000000013 0.012624404748406648</Position>
<Axis>0 -1.0000000000000002 0</Axis>
</ConstraintGeometry>
</Concentric>
<Concentric name="Concentric12">
<ConstraintGeometry geomType="cylinder">
<InstancePath>
<Uid>710mm-2</Uid>
</InstancePath>
<Position>0 -0.35499999999999998 0</Position>
<Axis>0 1 0</Axis>
</ConstraintGeometry>
<ConstraintGeometry geomType="cylinder">
<InstancePath>
<Uid>Cabel holder-4</Uid>
</InstancePath>
<Position>-0.0099999999999999534 0.0015000000000000013 0.012624404748406648</Position>
<Axis>0 -1.0000000000000002 0</Axis>
</ConstraintGeometry>
</Concentric>
<Distance name="Distance4">
<ConstraintGeometry geomType="plane">
<InstancePath>
<Uid>Cabel holder-4</Uid>
</InstancePath>
<Position>-0.0099999999999999534 -0.0015000000000000013 0.012624404748406703</Position>
<Axis>0 -1.0000000000000002 0</Axis>
</ConstraintGeometry>
<ConstraintGeometry geomType="plane">
<InstancePath>
<Uid>Cabel holder-2</Uid>
</InstancePath>
<Position>-0.010000000000000009 0.0014999999999999736 0.012624404748406648</Position>
<Axis>0 1.0000000000000002 0</Axis>
</ConstraintGeometry>
</Distance>
<Concentric name="Concentric16">
<ConstraintGeometry geomType="cylinder">
<InstancePath>
<Uid>Base on axle V3.1-2</Uid>
</InstancePath>
<Position>0 0.012975000000000014 0.015000000000000013</Position>
<Axis>0 0 -1.0000000000000002</Axis>
</ConstraintGeometry>
<ConstraintGeometry geomType="cylinder">
<InstancePath>
<Uid>square nut grade c_din-3</Uid>
</InstancePath>
<Position>0 0 -0.0040000000000000036</Position>
<Axis>0 0 1.0000000000000002</Axis>
</ConstraintGeometry>
</Concentric>
<Coincident name="Coincident30">
<ConstraintGeometry geomType="plane">
<InstancePath>
<Uid>Base on axle V3.1-2</Uid>
</InstancePath>
<Position>-0.0040000000000000036 0.0089500000000000135 0.0020000000000000018</Position>
<Axis>1.0000000000000002 0 0</Axis>
</ConstraintGeometry>
<ConstraintGeometry geomType="plane">
<InstancePath>
<Uid>square nut grade c_din-3</Uid>
</InstancePath>
<Position>0 0.0056568542494924157 -0.0040000000000000591</Position>
<Axis>-0.70710678118654768 0.70710678118654757 0</Axis>
</ConstraintGeometry>
</Coincident>
<Coincident name="Coincident31">
<ConstraintGeometry geomType="plane">
<InstancePath>
<Uid>Base on axle V3.1-2</Uid>
</InstancePath>
<Position>0.004000000000000007 0.0089500000000000135 -0.0019999999999999463</Position>
<Axis>1.1102230246251565e-16 0 1.0000000000000002</Axis>
</ConstraintGeometry>
<ConstraintGeometry geomType="plane">
<InstancePath>
<Uid>square nut grade c_din-3</Uid>
</InstancePath>
<Position>0.0056568542494923879 0 -0.0040000000000000591</Position>
<Axis>0 0 -1.0000000000000002</Axis>
</ConstraintGeometry>
</Coincident>
<Concentric name="Concentric17">
<ConstraintGeometry geomType="cylinder">
<InstancePath>
<Uid>Base on axle V3.1-2</Uid>
</InstancePath>
<Position>0.0079000000000000042 0.012862499999999999 0</Position>
<Axis>1.0000000000000002 0 0</Axis>
</ConstraintGeometry>
<ConstraintGeometry geomType="cylinder">
<InstancePath>
<Uid>square nut grade c_din-4</Uid>
</InstancePath>
<Position>0 0 -0.0039999999999999966</Position>
<Axis>0 0 1</Axis>
</ConstraintGeometry>
</Concentric>
<Coincident name="Coincident32">
<ConstraintGeometry geomType="plane">
<InstancePath>
<Uid>Base on axle V3.1-2</Uid>
</InstancePath>
<Position>0.013900000000000006 0.0089500000000000135 0.0040000000000000036</Position>
<Axis>-1.0000000000000002 0 0</Axis>
</ConstraintGeometry>
<ConstraintGeometry geomType="plane">
<InstancePath>
<Uid>square nut grade c_din-4</Uid>
</InstancePath>
<Position>0.0056568542494923879 0 -0.0040000000000000001</Position>
<Axis>0 0 -1</Axis>
</ConstraintGeometry>
</Coincident>
<Coincident name="Coincident33">
<ConstraintGeometry geomType="plane">
<InstancePath>
<Uid>Base on axle V3.1-2</Uid>
</InstancePath>
<Position>0.013900000000000006 0.0089500000000000135 0.0040000000000000036</Position>
<Axis>-2.0816681711721685e-16 0 -1.0000000000000002</Axis>
</ConstraintGeometry>
<ConstraintGeometry geomType="plane">
<InstancePath>
<Uid>square nut grade c_din-4</Uid>
</InstancePath>
<Position>-0.0056568542494923879 0 -0.0040000000000000001</Position>
<Axis>-0.70710678118654813 -0.70710678118654713 0</Axis>
</ConstraintGeometry>
</Coincident>
<Concentric name="Concentric20">
<ConstraintGeometry geomType="cylinder">
<InstancePath>
<Uid>socket head cap screw_din-1</Uid>
</InstancePath>
<Position>-0.03175 0 0</Position>
<Axis>-1.0000000000000002 0 0</Axis>
</ConstraintGeometry>
<ConstraintGeometry geomType="cylinder">
<InstancePath>
<Uid>circlip for shafts normal_din-1</Uid>
</InstancePath>
<Position>0 0 -0.00059999999999993392</Position>
<Axis>0 0 1</Axis>
</ConstraintGeometry>
</Concentric>
<Concentric name="Concentric21">
<ConstraintGeometry geomType="cylinder">
<InstancePath>
<Uid>base for Beam V3.2 (Print)-1</Uid>
</InstancePath>
<Position>0 0.035300000000000054 -0.0080250000000000044</Position>
<Axis>0 -1.0000000000000002 2.1616430975837088e-16</Axis>
</ConstraintGeometry>
<ConstraintGeometry geomType="cylinder">
<InstancePath>
<Uid>socket head cap screw_din-1</Uid>
</InstancePath>
<Position>-0.03175 0 0</Position>
<Axis>-1.0000000000000002 0 0</Axis>
</ConstraintGeometry>
</Concentric>
<Concentric name="Concentric22">
<ConstraintGeometry geomType="cylinder">
<InstancePath>
<Uid>socket head cap screw_din-1</Uid>
</InstancePath>
<Position>-0.03175 0 0</Position>
<Axis>-1.0000000000000002 0 0</Axis>
</ConstraintGeometry>
<ConstraintGeometry geomType="cylinder">
<InstancePath>
<Uid>plain washer 6902 type abc_din-1</Uid>
</InstancePath>
<Position>0.0016000000000000458 0 0</Position>
<Axis>-1.0000000000000002 0 0</Axis>
</ConstraintGeometry>
</Concentric>
<Coincident name="Coincident35">
<ConstraintGeometry geomType="plane">
<InstancePath>
<Uid>socket head cap screw_din-1</Uid>
</InstancePath>
<Position>0.0050000000000000044 0.0042500000000000003 0</Position>
<Axis>1.0000000000000002 0 0</Axis>
</ConstraintGeometry>
<ConstraintGeometry geomType="plane">
<InstancePath>
<Uid>plain washer 6902 type abc_din-1</Uid>
</InstancePath>
<Position>0.0016000000000000458 0 0</Position>
<Axis>1.0000000000000002 0 0</Axis>
</ConstraintGeometry>
</Coincident>
<Coincident name="Coincident36">
<ConstraintGeometry geomType="plane">
<InstancePath>
<Uid>base for Beam V3.2 (Print)-1</Uid>
</InstancePath>
<Position>0.028000000000000004 0.033300000000000052 0.0040000000000000036</Position>
<Axis>0 1.0000000000000002 0</Axis>
</ConstraintGeometry>
<ConstraintGeometry geomType="plane">
<InstancePath>
<Uid>plain washer 6902 type abc_din-1</Uid>
</InstancePath>
<Position>0 0 0</Position>
<Axis>-1.0000000000000002 0 0</Axis>
</ConstraintGeometry>
</Coincident>
<Concentric name="Concentric24">
<ConstraintGeometry geomType="cylinder">
<InstancePath>
<Uid>socket head cap screw 4762_din-2</Uid>
</InstancePath>
<Position>-0.031749999999999959 0 0</Position>
<Axis>-1.0000000000000002 0 0</Axis>
</ConstraintGeometry>
<ConstraintGeometry geomType="cylinder">
<InstancePath>
<Uid>plain washer 6902 type abc_din-2</Uid>
</InstancePath>
<Position>0.0016000000000000007 0 0</Position>
<Axis>-1.0000000000000002 0 0</Axis>
</ConstraintGeometry>
</Concentric>
<Coincident name="Coincident38">
<ConstraintGeometry geomType="plane">
<InstancePath>
<Uid>socket head cap screw 4762_din-2</Uid>
</InstancePath>
<Position>0.0049999999999999975 0.004249999999999976 0</Position>
<Axis>1.0000000000000002 0 0</Axis>
</ConstraintGeometry>
<ConstraintGeometry geomType="plane">
<InstancePath>
<Uid>plain washer 6902 type abc_din-2</Uid>
</InstancePath>
<Position>0 0 0</Position>
<Axis>-1.0000000000000002 0 0</Axis>
</ConstraintGeometry>
</Coincident>
<Concentric name="Concentric25">
